1.08 0.09 0.00 0.00 0.00 0.11 0.00 0.00 0.16 0.10 0.08 0.08 0.05 0.00 0.09 0.06 0.05 0.03 0.00 0.00 
0.09 0.91 0.08 0.06 0.00 0.05 0.06 0.07 0.05 0.05 0.00 0.00 0.14 0.05 0.18 0.00 0.13 0.05 0.11 0.00 
0.00 0.08 0.99 0.05 0.00 0.00 0.00 0.10 0.05 0.00 0.00 0.12 0.08 0.05 0.05 0.00 0.05 0.12 0.11 0.10 
0.00 0.06 0.05 0.86 0.08 0.07 0.00 0.12 0.05 0.04 0.00 0.07 0.00 0.08 0.12 0.10 0.10 0.09 0.12 0.09 
0.00 0.00 0.00 0.08 1.08 0.00 0.00 0.19 0.08 0.04 0.12 0.05 0.16 0.00 0.00 0.00 0.00 0.00 0.10 0.00 
0.11 0.05 0.00 0.07 0.00 1.13 0.05 0.00 0.10 0.00 0.05 0.00 0.07 0.05 0.13 0.00 0.00 0.00 0.00 0.04 
0.00 0.06 0.00 0.00 0.00 0.05 1.05 0.00 0.05 0.00 0.05 0.00 0.11 0.12 0.00 0.00 0.08 0.12 0.08 0.04 
0.00 0.07 0.10 0.12 0.19 0.00 0.00 0.89 0.05 0.04 0.05 0.05 0.06 0.06 0.05 0.06 0.12 0.00 0.17 0.04 
0.16 0.05 0.05 0.05 0.08 0.10 0.05 0.05 0.86 0.05 0.15 0.00 0.07 0.05 0.17 0.08 0.05 0.04 0.00 0.04 
0.10 0.05 0.00 0.04 0.04 0.00 0.00 0.04 0.05 0.99 0.04 0.04 0.05 0.05 0.05 0.04 0.07 0.08 0.09 0.15 
0.08 0.00 0.00 0.00 0.12 0.05 0.05 0.05 0.15 0.04 0.80 0.05 0.07 0.05 0.10 0.24 0.00 0.00 0.12 0.04 
0.08 0.00 0.12 0.07 0.05 0.00 0.00 0.05 0.00 0.04 0.05 1.01 0.15 0.05 0.00 0.00 0.00 0.05 0.17 0.05 
0.05 0.14 0.08 0.00 0.16 0.07 0.11 0.06 0.07 0.05 0.07 0.15 0.69 0.00 0.17 0.00 0.00 0.00 0.06 0.06 
0.00 0.05 0.05 0.08 0.00 0.05 0.12 0.06 0.05 0.05 0.05 0.05 0.00 1.03 0.00 0.06 0.00 0.11 0.10 0.04 
0.09 0.18 0.05 0.12 0.00 0.13 0.00 0.05 0.17 0.05 0.10 0.00 0.17 0.00 0.84 0.00 0.05 0.05 0.00 0.00 
0.06 0.00 0.00 0.10 0.00 0.00 0.00 0.06 0.08 0.04 0.24 0.00 0.00 0.06 0.00 1.01 0.07 0.10 0.00 0.09 
0.05 0.13 0.05 0.10 0.00 0.00 0.08 0.12 0.05 0.07 0.00 0.00 0.00 0.00 0.05 0.07 1.02 0.05 0.00 0.00 
0.03 0.05 0.12 0.09 0.00 0.00 0.12 0.00 0.04 0.08 0.00 0.05 0.00 0.11 0.05 0.10 0.05 1.02 0.11 0.03 
0.00 0.11 0.11 0.12 0.10 0.00 0.08 0.17 0.00 0.09 0.12 0.17 0.06 0.10 0.00 0.00 0.00 0.11 0.84 0.04 
0.00 0.00 0.10 0.09 0.00 0.04 0.04 0.04 0.04 0.15 0.04 0.05 0.06 0.04 0.00 0.09 0.00 0.03 0.04 1.10 

