211B0010
211C0020
211C0041
211C0030 
211C0010
061B0020
061B9090
061Z0030
101C0080
101C0090
101C0110
061B0090
101C0120
111C0062
111C0070
061B0160
21120490
21186033
21120050
21120520
21120360
21120470
21120261
21120850
21191062
21121150
21190640
21190770
21190120
21191441
21121230
21121160
21190840
21121170
21120100
22188080
21191480
21191531
21121260
21191580
21121240
21191040
21120510
21120600
21121280
21191070
21121270
21190850
21190180
21190160
21190190
21191581
21190170
22120320
21121190
21121140
21190911
21191340
21191050
21191370
21120302
21120501
21120970
21191080
21190831
21190900
21190961
21120860
21120870
21190700
22188030
22188040
21120670
21120460
